711625
737363
305789
482681
508614
680082
725989
857268
217955
271170
901470
892415
116471
980479
287475
667026
461913
400874
510724
787625
370515
471976
377765
654370
683301
941255
634558
517677
637969
800427
220075
145638
677741
653132
697140
980168
671480
537948
998300
387748
770070
258584
848737
816855
878680
302260
750791
877323
331891
900997
368046
159830
685898
902996
692590
873774
203362
567789
682069
389492
359985
349274
665022
277605
712675
927944
383484
568881
626735
117139
461908
568501
748260
692824
201325
861005
691832
329059
838910
986048
764655
930389
192060
560063
354377
137117
611480
875556
796560
903834
904284
786832
528957
789345
519402
275357
425011
540063
363673
283487
703966
872945
608186
350325
769407
638619
831734
841753
748158
848944
895785
145958
558689
130164
927103
310879
864148
664424
233553
972735
375038
465820
704066
210459
582702
889506
435513
532950
502446
527301
258571
246983
648703
255958
897173
182606
351204
145635
540746
992382
350861
534551
402448
449522
926381
599693
640353
272581
994139
652615
230684
450904
689024
693848
353628
373836
921442
191123
422183
471681
888951
171766
577833
951050
143294
318256
128195
528763
709469
886097
390358
453881
702456
558221
548112
663392
351503
379547
544905
926285
859168
300447
744113
110850
291786
139676
861759
647177
704589
169686
285044
921900
392024
380434
263469
285201
833893
414950
634125
258742
220884
297022
212678
440365
831980
950323
549724
331898
971598
798734
553943
459901
216618
145185
693078
312627
968625
831852
372670
910378
670288
688290
319714
469966
128880
204391
380459
687457
406994
168990
316502
793251
480472
947077
279995
459866
462878
238129
313106
217546
728556
473981
852860
139664
282974
794622
675571
841550
533728
611353
409664
870716
932133
508045
308568
754649
716737
346741
583244
646600
110897
779915
164791
836651
186886
343906
204298
794024
590536
129727
509094
460175
948937
468410
335689
113379
995690
425971
755825
328229
745900
856397
148340
329030
254773
985294
505007
175037
328465
688500
723869
545570
895602
652946
724316
138261
588688
264425
502648
631692
784449
113944
712874
938242
789974
247407
931651
177252
642168
303689
223782
254428
339736
439302
153621
841300
758358
217299
311020
181430
105874
743829
732679
895101
423643
794257
942798
551822
814094
617652
815559
402211
509264
394261
302291
335634
948210
612535
656119
536350
778416
935796
855439
977783
433712
336510
202384
215124
620928
747639
202744
751586
738691
588358
570973
263631
696025
854000
470632
771481
248741
218527
367152
383022
283400
674373
141723
417576
266128
843719
212806
114016
959649
204334
395798
700663
111048
959170
487568
140622
269737
722872
487560
322416
297576
564856
343752
753709
513814
268678
127309
331236
888534
241181
330546
589679
364575
341430
569067
740086
893027
504875
698054
616106
696546
390355
922119
929260
114816
901006
595784
978729
800039
103970
210011
878460
228777
106737
229010
752702
998328
873631
165649
914475
443422
237385
308341
762054
327047
253780
834700
526124
360999
434335
730422
318215
266167
650192
122358
772465
499275
891414
719969
296028
655734
456562
599876
518304
901609
380974
664699
738673
568267
218614
649944
314113
691098
398314
191175
811407
893730
893418
790810
619092
540075
646372
240871
902176
929886
316374
338837
841613
839913
637105
871896
310361
708982
595596
124256
392763
740826
290284
835235
584553
302456
437004
771548
140722
917035
294511
298542
931054
717313
867231
241432
113256
170258
484090
736795
299143
588117
931194
907539
578606
488409
332123
885456
566178
470166
676161
245072
571018
607921
907206
705097
905160
762425
885277
381855
769868
252086
932299
271249
882322
428753
392823
231598
771840
521132
354205
277734
965547
538206
148501
289659
586327
473359
453207
967182
896279
883431
733717
727391
489225
956381
977689
415654
414713
607147
862276
310155
871853
302994
722545
773660
420618
329005
319415
320673
440457
221462
212185
787608
840434
674028
966937
310556
161159
606941
575677
812994
237563
522071
115241
235981
519554
210951
492150
716086
159569
956278
114258
526432
138823
463168
472046
344268
931094
343672
194502
764621
430527
751029
536559
829326
464708
993517
913771
654528
208498
416743
277559
586132
429212
817644
131181
335063
628052
407951
719164
376377
788544
802763
396539
684712
803841
822364
641813
889684
899071
962575
556053
111537
790763
973140
497592
632587
616408
463451
877829
958159
234883
801152
153216
697392
640912
141523
520748
661221
651215
831977
717220
469031
751009
856782
583590
749749
467302
581228
585895
160924
615805
982529
889428
798560
910262
642548
621638
754526
570944
284349
176869
663425
634862
713243
248909
516955
490214
512973
595294
726144
767789
592203
945054
329681
345578
335447
336806
157201
876607
999392
605342
216626
363986
452261
699586
806421
633735
896208
555177
155458
988579
873546
887529
875144
788269
354800
782382
839613
809943
770732
190412
934180
626765
206321
772556
722853
262785
616237
363800
754445
556818
131820
140108
462858
258585
676859
149150
889813
612256
383065
579629
130800
314994
285372
508046
380533
239453
574789
954377
555695
754439
989722
318459
309731
624554
500015
861420
172030
676010
341519
927013
434183
405083
232464
916996
896398
160185
805287
178649
451614
572548
178320
368772
694660
649908
120010
960545
556997
288512
132123
831527
560179
315246
597451
474031
477978
584914
811157
774341
119636
581529
458463
932292
469703
978644
975816
196262
134420
941964
658019
701392
320675
402479
901480
213125
611083
968776
560547
481381
982342
830030
754604
153040
884136
849178
529438
743308
714381
850459
213109
723163
297773
500250
779881
964066
300537
561959
850809
201694
755695
437939
916536
177316
345700
339201
783827
419319
728744
239733
848475
917368
625757
107356
110539
369672
813550
963231
908372
562265
453622
204464
284404
435970
536820
459585
983597
160978
595101
742977
936460
756901
222228
644763
485179
218385
761699
395548
781040
912402
797270
753188
151998
984676
326320
457811
399472
510960
809232
995721
296291
531752
109753
409125
933563
522849
328392
780448
114043
810422
552088
671855
888559
897401
390845
447363
175812
215917
661817
416240
705017
213024
785696
949468
319473
893597
775816
641260
678222
532459
467645
445246
318269
906420
292317
305201
708135
115010
647298
219758
630100
809162
101375
424138
524729
670247
699343
961280
665044
764867
599952
128041
703369
493144
274245
580990
806744
972720
899812
851614
588268
703261
558328
548819
272881
132857
284609
699581
502549
181506
276938
202922
313445
882269
951274
595439
521578
752738
241156
885187
799584
845166
611504
591806
676365
788859
269089
965095
372993
407769
974688
248157
835755
655626
111013
829104
442332
698228
962844
158936
493294
490631
565066
394383
385251
642332
647437
451533
231252
260103
402696
382580
167336
854358
284633
383551
251155
859697
900840
549157
181712
849519
751768
250829
669267
338299
889897
442696
839436
855165
224292
752155
659828
691438
205496
308673
886277
613544
369658
320276