349497
688535
646068
198938
272522
212931
545204
988446
463088
729571
650201
978791
200769
345738
726979
322441
438532
413952
156607
467703
132714
373766
872367
868458
973487
166998
809077
597292
904620
403669
366513
519772
727294
473973
345172
827856
541321
394637
463393
607597
556849
417804
275013
851327
528662
158840
119146
550645
896151
712751
185960
960529
239179
243760
992367
713319
153706
599536
964569
797114
135720
335497
962337
345890
650783
101359
769550
704115
104649
319040
383811
617874
639666
134675
267129
977442
124636
816206
847738
192767
167419
213232
865755
839131
576107
114963
455833
391539
342894
468945
994104
293389
855343
993137
493375
866258
530761
169518
513906
383121
986131
474622
953822
898670
213359
768132
298558
400896
788199
935992
369732
978589
287726
332464
300861
566393
764445
487013
569217
859639
911018
242973
992463
869356
969585
126660
808773
676511
658992
347200
523587
616613
603400
843760
899670
167476
579017
482595
622401
404672
984525
317850
805276
537495
676768
625584
666585
206343
280041
428451
994509
597478
181897
824419
574620
943823
647199
387927
300030
634083
165672
341588
239327
180219
923998
763087
627450
419742
648359
233811
350341
387220
599383
350756
504366
848944
757058
649247
906558
855451
435522
791898
872539
333039
134398
101582
433049
490783
945670
252618
733254
281654
556289
883495
701192
892806
845915
479834
703597
451590
875225
546226
400511
437411
197071
715349
587838
165205
361947
135456
369908
157647
604479
575619
756900
760699
481867
516696
123946
294091
546864
194548
994215
581450
603129
802741
702849
640430
338514
233066
274766
795663
203341
993415
349111
750827
646950
320825
505890
840233
255818
661420
135590
788508
375660
708001
286180
389526
683928
889643
655084
953573
585602
496636
494483
182118
235451
393192
340991
637741
945427
872605
797483
208951
132326
586113
410101
219259
844521
615129
425927
968127
547625
393432
993961
312710
774017
313689
592848
427397
382316
441797
913323
196511
160001
262374
669088
364550
918304
619059
849522
423368
495858
300855
658515
736031
716960
319554
907609
336210
636529
125818
116232
557754
270832
452759
601041
171730
811341
915184
383976
308862
200110
254576
170614
560192
933998
163975
888715
630951
154472
723820
247946
154473
407620
100308
727195
645671
189440
604564
416945
310598
614408
809912
762408
313167
197321
918796
914919
737197
446357
978352
493519
171216
351944
995820
255968
975823
862655
865004
749571
809531
534803
295143
596639
470366
594391
639122
412096
880588
494574
615274
854725
239497
781668
457598
729735
554124
270444
665522
555786
381494
493392
355354
703878
802726
870321
141649
793573
853035
590096
154565
152343
730442
286267
505280
993849
499403
279489
749355
146138
871378
903693
986143
511337
741685
615686
902091
795444
415240
936440
901409
430023
942818
717715
686945
451284
961764
733280
597689
104840
436525
676271
644064
688408
547381
132864
572876
689706
936047
162734
722070
525592
496528
455145
908473
530755
399143
571196
470167
211614
473720
949933
115246
429708
813975
175687
694463
931832
576721
293080
384890
396159
877763
493229
702625
466174
599747
160909
841856
476782
402547
478097
805609
416904
956596
632149
212552
343483
948702
275167
478626
691471
491449
158002
296505
501731
745936
561701
833182
648805
621305
113752
998279
465103
361215
712030
509904
993540
829236
438807
811122
406668
863760
357870
520767
432330
225233
431044
868625
829415
594363
100189
556065
411337
389112
205888
846511
205819
365295
946142
444759
104458
215369
690428
359875
699941
254184
365339
340580
204305
354531
281184
548955
802607
685890
872266
253885
319948
827324
982158
627172
599482
850528
997273
621393
281264
434031
566357
764370
150060
481202
377956
789599
795038
498969
505735
887786
587482
422163
410262
959495
427282
256743
330646
468455
203230
697080
399893
743232
592349
602738
189268
484607
929507
859678
967046
265934
320035
661752
312302
878476
837198
916565
847874
923419
924191
633830
984375
991671
139165
233932
438740
239822
606416
121352
652482
642538
638491
544058
152968
404698
452785
894601
269790
578192
209108
737616
535398
276012
189116
888278
425093
625951
589896
829445
430065
634864
951665
152948
621978
948532
483301
967075
855758
165709
932766
432143
952507
918601
496793
623282
961261
532266
554777
795687
475682
542305
379418
664265
918240
887664
387035
858453
748819
961744
369607
555547
264445
442363
924352
285422
974055
985765
893547
286481
937500
294730
737863
890612
656901
676627
838977
160659
730079
161313
804454
530991
152611
582713
136321
855033
891687
270673
332689
309114
480374
543353
600964
326405
414963
725504
507247
129315
451167
400577
203562
392790
101328
101626
109974
584758
509758
104497
112643
889036
654208
959528
954087
910926
332080
541324
978818
381917
417082
190540
835502
134321
635163
970503
444600
885449
936319
986095
647389
472373
677654
376038
518326
821344
801439
790354
198767
639863
275806
672394
717740
642735
249453
824193
149940
741829
537308
272097
907241
697195
825735
967763
490334
805956
837790
736230
379981
986429
571684
348856
948389
914441
244742
138338
916116
985880
420621
545717
123077
777007
107037
990293
559433
957545
482964
624975
965540
535100
229270
166713
217335
189382
222073
631429
174358
985021
559709
178613
975022
340082
448164
930548
156805
809433
949520
517915
506890
618613
690245
259207
292211
922622
173135
230658
533440
639683
724326
237148
221779
911094
881469
704191
659260
162033
315603
191397
599853
843503
232806
123346
119890
613303
888507
252232
221763
509729
372760
387770
198645
994846
786869
445062
412794
114609
141744
777185
570552
577503
413260
765533
682950
637900
249281
570498
861038
697290
285200
867220
622267
770333
909283
467844
869085
392143
545691
998443
926214
978532
451443
751859
488341
220692
456709
424427
967700
247481
534568
583033
121560
910981
146925
517445
116196
784966
184863
435856
443607
651481
361945
525994
635212
492749
603962
473972
186263
866522
246820
240680
957165
609328
171016
402080
784330
990531
291492
565048
297388
757306
764184
605348
380741
399789
131423
669725
895895
438916
836571
545782
602127
335025
471459
666148
438945
501742
122024
159418
354210
499345
929184
625823
500883
328586
984518
618571
608500
834342
272650
662016
389924
589077
953635
347385
950811
233512
320185
724845
403535
692547
376303
326540
777878
984671
928538
391980
296867
252931
675030
986903
610492
419934
503629
159875
779890
325828
589074
393635
781054
324981
543793
835386
696588
813651
529215
126914
889780
635245
272880
445864
613350
260180
631384
218260
901797
921639
584845
599286
983655
399512
968984
451352
289268
654438
616411
505838
988076
798281
188338
379187
867432
615203
428645
240226
560694
776772
490781
451179
256239
688016
588032
150026
331506
223608
251382
129331
480547
294067
487669
315344
902311
469174
140937
631506
357881
878257
201235
726716
391914
691701
461387
109087
580085
850866
309280
225678
609664
854138
467710
806251
485472
240960
354677
132199
526581
493335