499890
274767
774413
531007
143814
208455
440717
736462
165746
278974
570589
742329
979071
376093
998946
894646
522930
387680
628128
959664
640732
973991
698430
462222
684847
633514
300795
939657
871292
595261
127307
337777
581834
991118
253626
205615
969662
681976
823265
702199
835737
305407
304873
526956
238316
316282
542510
895047
568838
695013
329542
817566
796388
920989
917816
875566
908619
312975
637810
126864
545972
483357
600863
379842
833138
230834
711520
535952
944645
877771
556265
367924
968781
708571
509746
356517
471139
963088
749011
748028
844739
262566
716497
803553
355537
314728
547255
987815
237097
237739
527629
928265
931519
402364
203622
454186
435227
287852
378045
685153
777260
424694
817953
755260
273067
199364
649847
408491
987687
611464
402253
847764
580155
885986
907684
185620
344033
464717
947668
421584
124606
191443
255325
323226
206320
406639
532465
628894
299195
520230
199429
222439
390538
727160
699262
911322
718448
789047
241609
782358
892497
889141
555786
410444
411137
698761
615035
327346
125922
756708
226151
419050
504205
206808
534737
933689
725121
350376
101247
815613
800686
156058
305177
731511
962959
664805
776443
606536
420683
372275
972008
176337
845213
565981
670716
114993
328353
766295
651787
779655
299282
226898
252635
396591
431524
924131
151759
580862
565957
150609
687667
899205
897911
921761
572052
706325
681719
257705
414934
319697
159321
880727
739571
360327
786536
261386
700402
744396
507724
581191
989932
102364
635682
638733
639954
638832
130502
347141
661444
173686
947720
811495
655515
381367
787422
759425
248578
515935
412009
263277
196550
718538
318155
900334
118100
743298
496402
105600
540907
848330
773260
706151
801475
494228
681506
680771
230176
264617
102553
145788
427548
315501
191261
359841
684678
169614
892527
880686
878119
351177
651084
192155
847233
650980
391029
595865
104855
874607
309912
348925
263588
973049
955644
670425
952740
281487
360795
939739
350564
937875
108186
774040
727219
819245
851604
180148
346340
305997
662527
605317
278362
817385
361506
265687
975718
803292
311538
352131
755586
979166
249597
235077
919361
839175
830969
118039
399074
445320
162733
177707
242371
533490
501704
245070
469597
193066
981422
948998
591054
908902
887645
709526
546548
586204
929382
278948
598816
799241
475134
476393
139570
673966
423931
479947
417375
477300
194163
145767
159266
807098
645923
948048
790611
323414
927631
160546
259080
513341
705241
505710
728847
417857
808840
661340
501880
735619
221560
161304
707164
177973
687367
906471
813546
388524
799093
650038
718641
760038
794604
251877
675058
984042
124018
191440
734454
277590
872440
583943
741475
149174
164369
466032
792818
947316
352698
487625
291541
774900
483947
498866
869035
865400
818503
125053
955737
293860
735124
140711
871553
456318
499827
732643
510979
362452
886714
414515
736998
500869
195574
417387
844627
904066
317519
622251
378613
303353
335962
876813
210123
730983
286213
839734
369115
820965
516312
298017
375381
964584
586408
127012
784488
946840
910959
123136
599373
733434
166766
112110
346232
875071
389561
155065
747476
278065
823097
912849
520569
676853
104988
584842
158242
742858
297481
976576
518280
601952
130721
610178
660384
857217
889087
159663
454535
329266
959476
297685
403394
945239
181716
497561
311778
466836
152574
378819
595889
116270
498085
462309
437874
616947
714697
604554
549571
744269
183152
433411
331394
142810
657171
172203
256452
435827
768464
893629
936697
470170
199700
838639
594963
407361
832365
127785
936816
355414
460835
837992
433493
302892
869133
397268
788813
486155
334421
602803
992658
374386
237872
601592
131912
972126
889589
448729
875107
733020
613397
712633
637971
477661
508303
260899
656491
261710
733946
223922
430505
437802
285277
146599
830410
788168
888597
656819
362892
862289
221203
510193
270153
369501
912175
419859
282195
461400
677387
161651
948133
300714
646230
182729
129950
262603
359177
163117
848195
323685
718106
232879
493507
530142
160490
618115
197015
343381
906535
304681
142374
700988
384657
996135
601328
500034
830394
908018
101049
463163
300915
386066
787911
402967
240178
652006
252851
479781
559875
452932
622454
473688
491432
981202
644759
579917
762096
393915
397228
161494
933940
467957
581910
292502
580711
347201
619811
846974
389112
623181
655112
977528
709610
727832
989522
394515
926019
383584
208725
832391
459774
942398
887232
429675
733101
861201
445961
806621
620058
995255
149086
101719
512530
428827
736218
750911
965479
767475
702146
601677
359692
433823
955844
369058
707592
188456
258344
122394
121586
625301
993080
333050
201296
704912
423021
137708
616972
182837
861093
369284
642581
581425
408721
905339
149145
223018
298760
244500
565708
671541
301389
422894
932854
923172
686136
358663
305122
673471
290353
337083
411644
808134
785057
561855
179089
133317
898012
471352
215092
137831
957558
390623
566478
509856
885702
915479
676911
123502
284799
138908
627365
133822
896198
942883
465242
393951
283858
871102
949523
647508
354377
301295
245925
372943
565723
367247
743663
809105
839088
370139
267136
720215
955192
424264
353444
379491
761971
547890
300335
117857
596931
126398
300407
658934
193810
751998
308138
290343
376405
384835
736614
931695
225894
260651
305755
288487
779955
315173
678907
289001
470022
126433
869743
751488
406826
451394
129861
234469
190519
150558
693295
416938
533502
651848
340628
845296
398114
933869
248400
824159
863050
479953
776052
715742
213258
932071
617212
345048
370436
958544
801918
343758
103216
652097
438038
846661
847766
145406
521476
254083
946891
872830
310410
294635
135348
246539
892063
967757
144045
840062
407103
123468
530874
357692
176473
378157
453916
748092
779329
435091
105411
530806
385568
108173
987523
403787
205391
122555
869653
317384
849067
407648
996078
764744
775691
880953
337156
972314
399281
260709
313954
454190
652495
766011
611610
368340
937620
172286
397317
863568
177859
986244
723458
304065
592244
572016
943440
675130
852586
833850
542375
119525
604908
953524
680705
492875
957854
858218
301835
332539
854445
376891
527028
841971
515229
117660
328163
627511
995560
233390
729363
672052
147183
762573
826181
925284
285332
247788
483574
130927
794093
109933
821228
593575
357315
351654
745159
366050
904182
791670
340375
772093
939699
633833
914309
564044
137458
148955
454237
397525
228081
773794
896860
347622
654712
613966
155092
324093
241177
979224
575451
724965
693675
206935
561420
510912
554398
629796
300258
407831
656794
215007
259113
509651
210789
188925
105854
315199
305104
426831
997934
192292
511603
935848
590991
779497
321567
680132
973283
610229
766179
198253
594859
925004
223527
793811
589363
803010
288683
171242
898675
647568
361453
977616
518625
826521
284016
974182
523052
551571
830231
956505
115302
587326
492799
211411
933783
688723
618589
286830
887240
804634
379924
648387
315336
658329
148610
775913
489908
557353
901563
525759
750122
183867
166668
132441
231275
220261
425690
507643
367732
308673
106114
174104
847290
682898