678972
666390
850473
503126
531412
954915
663225
229093
419479
627986
359693
237010
232451
106371
327453
385219
658093
583083
109986
895706
411137
444321
127370
509832
673534
484156
347124
307764
357237
458617
405156
626279
952376
872286
430777
919011
816662
887803
903293
381836
740432
654677
340722
766110
832549
665192
134376
690947
466094
938017
290595
996595
382784
520995
792208
869412
277994
152897
275628
106432
671503
240699
671465
514925
795498
308179
590416
993777
839383
264423
957952
927737
646308
787472
537761
577618
995534
631660
874079
695876
723309
288033
958409
946813
940977
165546
932764
773077
257493
254829
553870
997845
556448
735087
735748
350884
366448
312632
409803
898110
806860
700268
239603
868105
721495
203009
308938
137206
865334
257581
439925
272660
955238
365891
743582
369409
556973
691957
778594
963375
133830
555427
308297
522890
534564
816445
452026
696678
518836
106877
971546
463463
424473
916731
614812
576482
146052
964217
341417
441245
622442
455163
256495
449381
759066
579031
444477
193905
598519
107201
204187
482811
633298
816314
175764
466309
646368
598227
980390
946467
736402
944948
769475
686434
339929
561804
907687
873990
305152
692617
566286
512650
850800
596401
801663
109707
647824
809017
211105
754376
128976
342804
556377
253131
156805
553011
205873
375993
992827
534872
917456
912060
830161
628927
101891
478320
236425
980284
277206
739199
767575
559031
950532
897597
136451
780396
783263
892775
598981
933074
519558
258237
735793
253630
370723
594880
231583
940476
325034
166916
819119
918383
941729
744290
632403
374264
761605
896373
171088
905415
985826
490006
483973
290589
743690
144627
832595
769302
865750
315869
869265
237632
465995
967831
952486
304153
945611
628801
260456
997698
126672
234805
508050
832694
522989
644504
467642
315740
193337
837895
970687
451137
814182
305665
715792
788785
186286
549841
765419
193001
177265
522351
769313
472945
417202
667718
595718
807926
264463
989329
945879
274834
222838
884550
313579
475528
450851
289700
590096
918327
253412
220663
738949
973909
594975
528719
998362
163914
813788
232892
393013
543705
377189
309469
407061
504694
787859
386161
678340
303244
477708
230786
452348
684428
651069
256031
989140
535107
928944
397574
940509
306768
780728
941204
990688
166542
997262
396940
946663
607732
846432
262748
848214
669510
113713
486680
522174
803189
854732
261998
532831
970312
175557
341831
915157
671166
765033
927984
658531
433263
879351
410507
754434
346359
887729
154767
105195
155806
129776
896417
558686
767032
611047
891000
815909
265520
167836
683742
515664
317089
113982
983356
490515
165662
134124
863798
749721
993286
559669
983698
628014
994877
588930
635002
156571
876275
979013
179678
162064
808609
257895
591453
746466
788264
875615
911786
196139
755218
784771
724266
498326
457197
855637
587991
489882
931390
262904
432735
603089
579940
392428
295699
747147
770068
485190
392406
770981
975226
199427
520158
476056
286817
605534
481939
217154
630436
440495
831770
878683
296273
189923
105278
169247
522673
990649
620343
639842
576500
684423
255635
107774
469919
543396
249281
737708
349167
659434
699168
128667
576170
836750
592414
474039
515288
961375
877768
456700
344535
904384
668572
400916
186554
120440
998275
167388
197167
426043
250422
568881
391314
457644
660808
553059
582074
375307
199714
422726
141584
907659
526263
895304
412010
325721
639297
104113
585533
651405
159819
616161
416304
318578
560230
612735
576517
955099
347927
652240
900291
929853
987960
576536
872533
834861
320733
999437
393157
179882
507841
405135
906070
251737
549880
770404
973439
259691
457920
160395
871764
169278
705939
412246
342290
637980
260145
385319
610206
113583
312216
855790
815706
602246
476485
531011
482965
366270
275334
160259
744845
977026
730936
211127
399831
227595
658900
683847
444162
733564
362302
701910
667093
915667
128401
134721
781464
679229
346266
390941
184476
775575
802591
969464
130752
240092
140915
113379
378554
951703
400431
812213
708633
765281
486708
960210
195426
411307
964481
397413
986415
828408
711882
131345
516285
972315
289477
482151
378435
799921
322058
334431
722709
963277
764911
828971
239858
834183
915884
659339
681667
452496
147202
649032
810371
792503
152474
638314
701348
121320
863848
577545
533009
325098
956589
617309
302879
984795
544422
605564
464689
710078
545508
718646
729737
133780
804603
683841
856584
679901
961328
484087
464643
575432
761259
569178
932707
242239
741983
551338
994850
671091
903348
112710
597008
759508
309562
679315
337222
935926
958190
299915
655131
173710
553988
884995
643988
796557
678783
720247
825975
803563
469165
731846
234034
596879
478859
302133
651172
158250
135920
258955
355523
522544
803680
573521
604981
782214
234746
124283
692829
901630
857078
151659
406435
953364
682950
873648
307619
251921
540965
738090
429806
680911
815874
275815
208618
685620
735639
212457
267483
422634
697068
851434
126143
899034
787589
180572
875270
868409
464624
489854
330314
368320
688417
184579
200027
418088
434790
818008
851140
369953
379663
381100
874469
907397
862121
115767
242731
648723
995607
902536
453564
816618
483120
703259
931222
359806
680440
699125
823264
203575
655238
192565
657986
664874
623261
259608
956533
921635
492212
353668
712511
974261
483438
136887
738000
881669
259838
211485
650948
685310
386240
960605
354555
375823
298733
505186
508937
173478
735420
986801
188035
767870
497150
608512
258646
497104
390109
307248
190644
581642
953931
659213
790972
902933
107287
574464
775785
893796
334176
775474
431037
177417
755171
693393
387390
177142
675062
695965
564577
562857
563329
165330
703206
930702
841691
977321
985847
278943
922885
870136
819202
173036
232864
973650
288275
448225
662963
279884
412948
516122
967141
508411
111691
260196
191562
839895
247560
645556
802004
300169
240104
530715
410778
306449
900115
273278
467203
827434
602921
570227
934027
741385
537693
783506
524984
693865
199504
265104
960446
672712
930043
655525
161283
802439
924449
220787
557199
835773
828207
219893
676989
449788
842143
450428
188271
778074
305051
865501
660317
676371
502601
443864
211000
236551
751536
974677
951405
807910
834842
278086
187296
705660
804276
661850
429571
590375
576122
517450
137049
932209
618352
564661
564391
185731
157209
301807
521055
271735
591788
538498
616896
924623
480606
522628
901540
107185
288408
156991
529209
819138
340119
947343
949243
813066
998814
531374
966568
310009
956119
458178
440357
845413
171441
797269
305234
407047
777647
188646
379273
753029
960227
861272
123678
193868
108535
785561
491476
383276
229039
687575
425742
548712
501743
968252
886353
133794
623319
289304
442064
539933
559138
404988
126165
564998
727918
696281
218311
887538
967504
969643
868473
735703
195420
293556
510487
934170
794051
234280
410957
351762
563895
476134
473057
747976
215118
246486
300079
283529
883800
351224
608769
948529
406546
742692
418986
826718
409332
389500
246945
911700
975384
297284
237653
495119
389052
784805
634215
676832
916672
214143
235207