697340
680085
716335
126797
448735
742161
427808
100736
494313
946705
258295
267049
894802
778745
621856
714540
635693
403769
425908
114392
301823
145717
375746
181216
606404
964045
110036
506850
289484
195788
471138
919021
547600
994838
774319
475709
320845
902998
967257
363376
710047
109112
567809
288967
380826
304988
594514
305593
910874
136160
653173
215541
433266
727068
309821
467444
733692
824700
958935
509900
701310
957423
707562
874451
288236
892346
892624
144417
651479
238683
185077
982058
861421
631810
897723
237920
299127
794100
610679
354123
725176
872869
298311
198540
974056
931421
631732
257845
742972
470622
505681
289326
506689
592249
588873
112795
985714
884299
804207
425212
830091
904550
665536
269490
506283
324014
192022
748496
177369
700746
631358
823331
920881
335400
369373
712113
556499
986786
762872
774553
689990
308488
381845
686773
525696
781920
946852
802625
156242
866773
646849
149205
693557
332856
342480
854180
163227
620031
189329
564820
116872
230236
373634
885487
326400
922254
859603
604136
113848
567574
338112
992863
811480
472994
492359
209161
905993
623862
634104
917689
181064
567793
108332
183406
651584
191659
936159
696651
685421
579499
351026
314178
274305
336460
369261
313066
613133
677025
967528
129380
709791
572571
800566
592446
982000
855837
114647
927487
673955
230617
292232
389174
269922
876537
787175
189736
859881
991463
495574
739778
842967
721504
966768
298500
784070
633454
973418
313826
884534
120134
485272
371287
788866
697672
930462
496793
483184
169728
208501
200614
646227
783183
396048
185111
618115
111088
448378
436239
574219
137939
361607
389558
250282
607855
817563
674416
865784
316225
341101
268334
240064
701278
561530
984010
131187
667148
931860
173633
842422
511907
281525
406726
910093
311780
807390
907447
204803
755326
383364
338766
149875
338086
259619
906123
394652
810143
342485
655432
327877
519823
420388
356931
962094
960542
498401
423119
544019
892225
293942
673851
881346
504627
147485
624080
444972
575647
410019
746049
392672
574921
810132
749867
575089
270917
457168
523177
413246
946743
472535
457481
704381
467340
798087
413291
593632
300021
486237
750510
205504
683677
305178
420270
208300
728582
129714
314516
511238
132891
899827
723093
642527
281936
552023
636770
148666
249920
206268
334448
865513
448748
988960
628680
970240
478616
655944
710800
876356
667366
262351
823220
942256
593428
461120
637902
864508
694598
393505
142834
113690
628366
725644
515813
938719
149774
384270
263715
946182
196582
654869
495432
622441
173283
608603
793898
601223
947508
168062
672444
398926
585762
550062
788283
539414
902477
852900
241137
195181
491274
576150
390746
543040
476235
369522
289473
585572
154034
873938
530806
563723
905648
204892
329637
151196
581523
788124
373185
689946
629344
321465
143365
674360
815403
455511
335700
173454
781519
967830
579522
920347
964715
302027
474326
440696
705575
598848
832797
157344
713696
274523
769977
292938
101686
277981
930135
125181
785767
281864
706075
209187
774153
115903
123819
555108
681238
303401
329380
246964
172510
297504
830401
547301
723382
496595
257053
790865
627813
115798
307067
878962
327290
910052
483263
187016
451197
851464
743523
543414
510630
880536
359807
662479
566992
919221
439256
701484
761754
244440
475745
236681
388965
795323
754797
571046
926663
694206
436117
286666
608561
908586
888005
436543
798787
826526
820847
241067
104075
664519
166690
470729
804637
636976
488893
367849
287443
460888
426003
141264
910969
733058
819281
640124
527097
974457
337869
978287
991144
398249
548542
101870
694104
723379
453309
210604
438808
148921
770675
122662
257862
589282
799841
752426
817748
682554
450944
437562
853458
910461
511322
500146
240444
137147
144083
139012
700169
621617
932679
856601
944625
698368
128800
799395
442587
431715
943253
279275
494859
572858
179714
579947
688378
140969
664503
471121
233211
444377
934516
382639
470215
411878
322672
817718
391654
648332
166600
725567
594406
445807
487041
341756
963900
917342
799141
947025
260796
896494
473449
601684
926560
686896
301602
409547
610906
146589
745274
859166
152468
130268
732121
271128
850117
255950
915078
641122
572295
324889
649741
476519
656027
442907
555477
983527
566203
341191
188145
344423
387189
558877
625566
187170
228393
498567
711222
738969
286605
134667
492173
515466
543475
403950
501685
296216
758200
756031
843671
308245
941294
807532
381073
884527
850218
688869
992120
468879
412824
675511
687756
753853
439321
390114
604031
363653
935058
278335
476418
242273
372724
275887
320690
727853
776709
547501
505997
536270
915783
958776
638729
906209
323592
642019
719375
363385
586608
783611
400756
508640
105305
786265
768376
691569
585275
462159
191022
591475
847916
108991
626505
142569
673389
457085
291397
439273
393152
368409
125239
831721
718968
306006
408473
967647
287076
706836
359025
143959
930698
805003
345133
410929
763707
853650
475614
534586
615931
715113
937783
375282
716754
231130
247826
239766
872422
513634
594810
417661
169226
416978
675550
804889
233902
218063
186526
851285
234909
388341
918205
891056
193838
820751
379932
804514
591853
720098
592590
978042
361128
518302
151735
479923
146490
522861
774115
270864
258130
236541
705537
512502
233556
427192
794591
408053
597337
108090
576586
189060
276851
985634
678122
591958
256072
900464
422862
395310
518894
875675
747650
761018
896607
429921
257055
794480
484646
739586
817017
858983
956591
576844
512975
574735
754827
764924
594004
972752
769210
410868
120886
855131
220299
414698
232352
265868
751083
109127
794041
465870
636281
224384
174721
531216
814557
300391
620427
546420
589209
212207
933968
860281
769197
315873
923075
471237
766685
990697
782018
305737
570510
658061
760874
681082
167856
993462
268265
517202
190945
337710
184069
490086
406041
319861
618705
922435
659187
281796
375808
744218
251532
130255
935152
724675
359478
949801
475509
377022
350008
616884
647377
922610
510383
392271
524337
659952
283750
233259
366724
948498
883836
774596
242776
126755
206225
880246
857847
249470
686128
664500
131132
954745
743595
836876
809810
427789
718663
731403
566864
656090
196852
145966
968906
450463
237809
968026
497097
359438
380235
951484
943326
941812
799185
662586
400883
288023
143629
668964
892182
159949
718365
656167
619312
574929
924850
298447
776218
136161
245210
892745
377207
572396
977759
909017
837962
472734
920007
102739
876652
697971
921068
595110
923087
622195
825145
476252
794093
828596
969933
719717
246612
470377
223150
146982
547738
982595
210365
300727
515437
298634
550574
762144
379702
176975
216683
524362
723999
663308
338109
694510
987267
590869
787559
331977
544583
382180
895877
791738
841310
121062
744420
173263
325068
426161
989490
171755
522398
282328
770213
870045
794038
342541
194209
539598
166092
369129
482457
503885
371680
693141
898620
204579
342565
613512
195800
251774
279951
278746
295910
423902
602832
389780
606462
726671
469015
475175
640629
341801
992969
743934
164635
855760
340731
940521
792825
691249
849975