157085
623725
826844
976711
944619
122936
695659
651952
888457
396382
325134
187438
879186
311597
644020
587810
761680
638332
331224
938887
753914
153990
774959
238291
559461
505589
624526
605561
437932
817902
530038
389786
490336
379203
645215
374364
359200
934964
595360
992374
137921
487204
916721
409259
897441
631430
147281
798533
221162
428746
653506
693359
410284
883215
838532
996076
899629
626430
487468
557860
988506
349347
533664
293262
341893
871316
433728
497373
591130
119958
406116
986127
692047
418134
663102
942295
735122
788696
546163
625249
223488
838397
660151
802301
314469
421761
363186
941809
877143
391585
153182
918487
411396
721243
185015
333895
166109
976932
537442
704311
722169
140649
704019
189970
634636
739474
505307
844155
980816
709705
421482
567222
490845
876821
221948
412506
274495
475106
282996
336500
553209
294480
846239
479619
273667
666467
184118
917986
986148
475932
948368
450068
608465
472612
464353
826411
372081
452838
782309
480915
168741
835473
617689
812987
530418
809407
533354
840926
778425
909624
597855
103663
468865
230644
743146
243701
461255
843064
529297
418367
846146
784292
807202
905855
250964
956907
874676
957597
641938
937939
326630
685663
474904
635999
526213
244061
476465
250910
105117
396260
404266
523741
123467
889037
902831
852111
571788
725024
825996
872959
380822
812159
994517
970939
244281
416443
233153
543400
959902
879942
676185
290992
928418
544723
788551
223705
999541
120087
107753
741329
877006
908727
325799
106496
478558
141844
301595
540661
517219
541547
522386
289757
127553
368378
552715
691747
101745
858807
919386
714940
874727
816979
282770
119779
225970
571313
761503
790782
379783
784293
338518
770089
558638
836588
220283
252107
660597
318664
552394
789122
145184
302568
417201
428222
155425
235157
416194
330882
842860
517725
829174
222318
425712
279327
906975
554099
486250
175555
759468
763090
300191
441753
868045
670250
500819
951024
613723
385491
416835
489915
746088
929614
842947
231568
940623
435978
108108
460587
695673
678609
740077
398853
982003
781882
954457
106698
935986
151291
415506
210578
986893
119377
164824
498574
941687
795384
551051
454612
896365
526922
958765
939761
125956
477777
461670
748927
195198
397145
543801
405591
874924
787408
850983
714482
106089
258021
961678
222260
548912
208238
125674
749570
278067
863943
195016
132889
817969
565196
806902
610200
393346
671082
617022
822190
402345
323723
794176
747017
382890
899709
821710
817992
828210
100649
205818
239148
934383
223530
399929
129429
999738
747081
439689
659084
186716
462181
938013
408281
193877
685486
833864
693651
325485
981729
845781
379362
617935
275726
805578
197874
277996
656585
518671
517230
466866
492534
116982
183827
105602
638391
206028
352463
145257
293492
330858
303798
648120
646557
869695
317978
298542
962540
682268
813638
769453
985110
410750
576627
460615
208067
507512
569471
433754
239524
290268
206502
689927
240895
126333
975382
557181
766700
631665
418081
438467
360269
446120
460709
797408
188263
351451
892353
487324
429792
796371
805891
815518
239077
828166
595708
179178
546753
360579
438550
563903
836493
219888
297526
478292
972479
847059
264450
510716
656908
426341
315569
274276
416660
190518
688637
600512
275661
227726
828958
233469
723897
977195
749743
140025
355686
655812
330075
329598
419694
188414
329081
568167
675851
823451
146410
910532
103429
953195
911448
517036
577220
107437
217081
103138
134121
182544
201704
160304
740487
890179
986508
539962
530832
470907
251192
978718
708929
550320
140840
893562
275388
654740
789862
188879
766251
674455
298873
684390
844376
888333
878601
473200
354109
831510
725259
101735
349955
577613
479871
158232
537628
615867
562811
641368
299324
605169
518415
311267
870202
793496
824945
756976
834906
628011
903492
280228
785617
448196
400521
415788
322207
821447
705071
781058
857379
501943
822931
335187
602404
880887
488873
891688
610274
811101
834801
820378
738537
440122
499605
918069
834578
413984
628476
221582
976329
492998
850202
351147
330619
989945
780956
185665
513576
738584
635822
997837
513757
399144
952775
540441
780445
829209
752515
674702
246678
925946
154891
952504
571507
491881
409191
866011
654833
629082
560253
913929
947384
971556
919520
691390
893408
439167
305186
524886
666039
209648
786578
598131
913412
423640
593355
359910
185463
754306
688374
599158
241245
979434
468570
516649
652331
835273
265084
795424
841058
970922
583729
961340
264793
403175
137516
879665
970759
474357
373970
539255
958180
827007
348987
922345
258530
123956
522777
883208
542518
353719
393305
996511
837083
929180
362686
836294
247627
331422
874762
584314
231790
468447
413485
804298
553274
609029
661565
983077
235879
635000
684346
330731
417115
603049
988071
544172
236396
815264
838411
434264
454566
350745
749311
247518
236926
268494
592525
894598
410085
837405
781967
698411
467563
137549
345427
675980
761495
742745
637468
594771
473864
350994
826987
646095
970323
926859
500950
863493
457460
202782
224575
630569
434932
502226
101295
392818
187298
312588
479192
676511
875419
837092
595605
426804
193089
392282
181007
148184
742938
691959
412678
147357
132733
984037
457572
596782
239498
781929
388527
779333
112958
733118
746215
370802
730565
406480
228561
469952
959514
379454
481072
998650
188134
524519
896399
790173
105867
351483
987319
394868
157103
758588
899546
847371
912963
926686
189622
456276
760651
996444
179214
766705
339990
914391
276923
673172
711593
757055
606647
183251
711525
394232
406333
351243
413989
418110
435683
513099
541148
336154
162819
591747
375158
543606
940976
103392
216545
607399
589603
354749
684660
556634
825634
859082
219740
816783
689783
134762
296349
645096
708055
620067
141221
444126
827388
841819
351648
521387
788265
166465
438954
391255
238447
781992
452902
706687
243693
387870
878526
613208
441714
991487
500135
680845
201313
969574
914958
727990
322439
214834
660797
844074
759425
745739
541015
225319
617105
178255
176889
956728
117070
337666
776661
684802
814670
844774
241718
723378
935115
878483
423488
478771
424787
744551
963048
265975
781859
237182
464360
425260
321385
851514
584732
504159
642127
336786
428493
400021
951467
898887
232874
798424
268101
115974
428787
686367
516518
246805
487835
906497
821642
912701
586418
309468
483500
586942
726234
392565
362692
726691
162636
263089
740014
143112
190680
572973
525636
498614
742619
103039
321167
803812
751887
308625
656992
818157
695042
151075
289337
484284
133028
971990
303221
759389
213533
528111
393214
637805
734154
659948
132633
966902
255553
244484
151559
706803
339940
171822
219207
212034
977237
812604
933156
294150
591522
638066
774914
628780
127409
777588
148059
836783
780282
198635
693100
186335
598670
434948
173047
578037
805905
803170
697837
135476
983885
343185
740701
404783
653120
802126
270679
531868
808233
835530
198130
421429
478379
674695
408359
918213
587232
157604
228275
665709
958455
657092
554088
448505
465033
954421
204620
983996
794732
161115
537439
329346
571639
970501
318662