255531
163782
637258
506786
762153
620738
550125
984791
972877
342701
156036
152393
788531
400088
491979
720789
399067
338779
596567
831598
975446
176075
809050
325552
802985
349544
497654
118367
880240
594784
946489
592955
596955
637938
445228
801688
989534
748604
914080
344204
149658
975394
322105
988895
516963
915180
226881
505092
840029
572939
357572
970651
972154
425158
870859
433211
379546
257313
223560
743345
518671
141822
117062
233927
672317
226773
964925
898513
852591
710023
695307
498118
674741
704063
206788
278735
847043
727767
611510
854770
740232
633612
508266
379649
100727
707599
248313
618136
823667
466322
866246
755714
943770
731547
402490
152834
425086
224249
450297
132518
957629
139124
807219
307795
201404
491796
100753
461926
571379
214880
594523
727160
633512
337031
226826
994496
265658
117675
638381
369395
969497
413831
124318
563825
922792
840899
867520
312971
913755
646527
909109
167592
122618
747088
124438
899213
978047
261602
684850
608736
476073
573970
612061
119513
853601
259521
270379
332477
249536
269453
946644
279121
546744
378067
410823
764842
195683
547346
842076
203476
591280
923983
161908
261029
432198
292001
255316
997523
864619
877005
586150
171320
358583
265511
395710
518721
733479
851749
860029
933303
623044
402896
452122
898568
212318
404323
780607
987908
940513
304466
713202
764012
996688
994780
154975
191115
602194
731136
294699
599504
550277
789008
414834
828083
156241
448053
950195
726582
423161
336862
715999
965570
701140
944226
879114
495929
930205
656119
931502
639937
523362
358726
970997
797604
455888
365889
160071
779394
251058
799378
869551
884654
773943
657510
203872
412803
239467
852471
983506
626043
208942
524015
506336
459154
764583
448300
427055
991641
557563
540355
747095
361396
128595
118788
219035
352034
778294
851832
468614
458048
477423
428748
638479
224394
192567
355643
581939
721701
469981
390710
299577
858810
400666
730799
568081
144810
711219
941260
495579
799650
729873
213286
964561
165348
270264
707166
505765
252881
605091
502843
283353
759298
288240
985607
537175
834440
308757
259989
716255
889095
500808
493330
843521
902830
556129
460764
603741
273984
249098
612757
982617
532199
975848
985430
647086
577816
937959
696253
929231
603065
732430
315836
962755
422050
927962
145987
328253
679579
313951
887949
165140
275491
102012
194901
612654
932268
202388
677202
342401
364003
843304
813372
228959
365693
683208
425840
181960
143949
180096
575754
839501
560663
352769
608500
437510
352745
416205
560093
417569
426591
266125
231895
662733
496900
759003
761574
531801
417354
957837
856936
631454
780871
301449
566695
820884
430458
235156
666524
484135
891658
897769
625374
234933
402492
917166
291098
737051
940025
103337
986640
489786
955473
631958
949984
652471
407888
193266
717341
268195
783722
895988
694444
374456
262623
124832
493049
856400
453913
508271
238803
473143
183179
747483
811566
619026
673442
855908
113263
486527
100099
964399
257147
453968
205282
524815
956705
741415
535378
974563
793103
775028
384806
671323
773409
926320
526517
854362
477293
134138
636308
656140
170494
643342
699193
239606
735829
838895
454087
608718
584528
388997
488140
336965
350226
274775
346636
163659
469823
493220
235991
680204
101175
775709
189879
412718
213808
887261
663652
418204
428985
412042
609115
915913
687966
784630
894385
391674
184710
169165
195021
350893
508639
786150
594557
631444
925689
520053
866791
627340
443424
789800
888560
361982
278237
331424
442845
255816
635329
513493
917264
384775
711711
888225
116611
934963
700426
661418
929246
863787
902792
275473
575555
488778
654636
311636
151052
170128
569964
803379
770662
320816
756464
628500
800150
433182
316907
157326
442950
730321
284975
250635
649570
120737
933041
556509
624241
389859
645089
573846
530700
785499
937793
305145
358916
892761
174447
682953
858059
537694
832174
808839
423612
825026
878881
884496
766728
803217
682037
159501
555776
532936
569248
451326
491064
922558
315907
332111
275009
577147
987876
907778
488162
572347
164500
366636
239157
452530
234731
334780
129558
616626
529353
225148
998464
526781
578212
694132
958671
362467
748946
293452
655857
710620
980471
589618
554428
670895
378767
198461
913032
891898
609804
974306
916394
877913
930475
783514
658062
717108
260494
824576
297729
376037
658202
648004
576683
706508
741577
506874
407191
779023
535761
967655
473871
112804
494744
257674
761030
146431
182323
171398
905409
348263
188132
855014
786526
815364
704220
292888
529555
949635
194400
884809
793384
781469
239663
752865
143404
198084
779820
132479
953871
995556
120134
160954
193824
398822
229746
498265
599237
938528
933877
440646
217118
778959
223550
528669
286272
636500
320328
733032
630050
850031
384126
950589
306845
309211
346659
865864
739122
642418
425127
907700
995789
496644
936206
755052
709878
372734
155838
346288
170175
275670
438511
293714
141935
409569
754386
855111
887205
113642
229611
633624
429729
489621
130142
846526
772474
644912
878168
844910
110585
404130
609390
839576
209744
301693
827552
612952
990748
487447
336667
526746
554466
158085
196923
992125
476192
822077
335007
995335
900619
663123
803935
349186
404846
195626
641864
801077
903362
974158
575304
197054
843971
206326
382514
703150
396972
865489
109695
765502
607057
119095
210904
758991
274329
897029
789025
983207
630602
732366
310556
262617
528336
480053
299701
726505
351291
368596
640673
203036
643004
563668
378551
137762
372453
297791
214167
782307
749204
789279
112851
139858
218017
705811
764536
284230
578550
701977
767269
965951
240474
530243
427744
772293
569542
986709
711215
168015
371573
341752
550093
334580
303524
471317
766744
566351
148420
133081
329485
575547
379404
449066
551510
682887
521980
856895
168717
759539
480989
957374
873123
960536
297695
381984
432837
333111
101935
319402
959879
717267
629036
532978
750317
377924
328956
363812
948121
655342
428400
576191
493213
700249
203558
441209
725681
180825
516404
209699
485715
862564
674822
751825
938036
593591
356560
387310
411744
438480
744478
400402
780197
183106
679012
404807
582833
849987
823378
365851
777922
810548
669856
840916
280526
334039
360720
986045
694740
155057
294199
242511
516179
349976
295285
963950
194108
566186
757797
934150
944515
383288
674208
675918
495829
765904
556665
789001
856824
652642
128002
497091
213427
169676
936424
720992
739161
635752
520151
714272
459724
930599
710424
702106
232826
660583
520946
548221
624580
972110
642132
628314
141239
787779
412009
730279
308623
301341
795264
342699
215030
867612
305301
556522
555736
177613
501915
892689
576325
859953
643816
118553
104926
911199
284123
698772
986231
491138
827489
554436
136910
647590
901634
852867
914495
592868
227421
614211
571283
348184
533104
521667
101531
183533
424851
189951
523635
499666
661559
782567
650885
638204
660490
248642
438138
129502
369593
633382
575135
376132
697553
187448
241888
900271
718791
102292
918768
381338
694772
101082
276628
598403
563893
358382
306058
141161
311242
321329
468167
934685
522254