366437
366250
413000
759271
970482
590689
684368
384673
483790
960258
478317
586961
855068
695321
833353
689327
973495
764097
568867
415065
552003
571644
345553
673244
980595
245142
797075
867902
550758
244659
826599
193250
551291
957872
562086
735293
994181
919921
498356
405900
980788
665504
632458
767786
853140
134462
814562
578432
555915
141252
751009
806587
566346
209655
566166
315916
973334
672725
649780
409667
112885
546361
833398
588581
314014
470553
351213
792911
968838
359315
375663
617552
306965
659483
769788
603787
415066
892387
710902
972881
276084
375817
198775
471099
625383
357394
207254
768057
759003
447706
706066
558107
597262
489518
196636
686338
885494
808423
491456
868808
422180
524951
574016
664343
937952
699995
777307
656725
113111
702658
890541
633378
889216
858463
218919
482450
816174
967158
706334
441735
864802
445370
348675
267498
941168
442262
772199
782099
930178
995490
127040
887449
370298
613603
543078
341507
134395
117844
900760
330003
643018
386738
647349
168113
383152
808260
401704
880067
578205
792961
624990
567063
285305
543099
754174
411848
703975
273995
829064
774610
465843
283466
186363
674895
787486
990826
751522
100463
521203
927213
598590
322704
129004
146945
556176
694681
889299
947731
383299
161012
747529
419252
613186
656235
751841
517899
971466
803534
207723
924089
896514
705825
832004
314643
678035
868169
140783
963208
126443
859845
788861
765607
804936
951029
910192
114738
507427
514484
617154
446151
337763
128036
819435
628289
640595
839814
552652
802643
286056
647964
646551
997456
724527
905377
342270
537569
158568
508143
747056
131977
138438
828060
427212
270711
693787
971661
126086
738119
843127
525627
677272
828410
370582
675787
817699
860730
166845
818989
855986
280960
935049
750285
158658
602974
434001
100891
506202
753911
453863
434308
543506
100710
541352
498234
990166
190502
517299
330769
763426
192586
111718
188627
335279
573846
422947
147507
261747
442238
638909
658810
593034
495109
518499
464958
492061
275359
276318
459973
736922
976068
623560
882563
233038
615751
280192
172050
969539
927458
603925
848025
496451
389424
331170
931949
926380
985733
616886
811472
949395
775558
129789
560577
294228
668087
622408
782985
883051
709520
442370
302604
590503
333900
516892
705284
498532
405575
214054
229733
649742
745616
117902
857525
372107
578810
339064
368786
161380
134523
439485
174125
997843
685957
369357
270191
200406
973186
166187
348192
773324
953178
385479
194687
583391
164576
247128
323258
647910
922207
641497
991841
891277
724640
444609
258309
452597
988792
538418
217267
161679
247910
715395
671894
721758
647679
584485
569485
501565
841159
834551
529538
611075
861501
163351
347446
413483
776632
466825
976829
921255
984328
869863
230636
432061
515655
199672
522266
172701
413295
171280
975230
594533
420486
228283
507770
875894
504628
714943
891641
397878
320990
738611
790787
177798
935989
315746
268709
356582
114279
399595
749782
764003
924661
864387
465338
617246
174909
509598
300711
404424
112432
188722
496097
674436
120323
550112
433181
580148
150230
375122
374374
356089
809117
214465
871371
742869
614956
298218
899283
647926
433362
464904
673631
876504
210214
613585
767285
625039
462323
764030
574815
404451
874892
700239
573621
901501
866944
380407
147102
415256
533932
549386
986218
223356
200301
978000
961645
642034
511250
637869
436139
378761
358783
808898
821669
302145
805837
557429
218638
456187
487883
758317
520810
989365
111627
306602
597374
963285
591188
794659
960289
365536
596884
199242
349799
564607
715092
763177
493988
152092
209760
987531
209189
653025
174695
587708
710046
773106
739971
554183
431310
649231
703561
892282
605542
385005
309248
174434
670048
712638
190152
640436
941028
474163
636640
500555
858646
624327
486535
368956
183344
643463
635002
676840
422909
801833
732805
640502
902041
616375
426116
976785
180658
622656
953959
191690
171060
599920
493905
795435
610989
362848
200952
447879
211187
306814
645121
719295
841255
124955
307133
264751
690528
798005
533249
460522
275865
518842
167875
325017
872421
797280
515280
758351
733137
772422
149183
114394
615775
967289
149454
558889
353911
822062
814829
515156
996946
400205
280888
882679
322048
623882
854593
365651
368356
489147
985589
684878
778886
911861
262277
348214
193463
360068
851553
557182
484047
877348
325660
737721
990901
801042
422639
656041
369985
502616
416384
162077
944293
342570
884979
889288
578719
587826
876894
146466
652012
645617
319364
775501
118615
669269
559810
363272
452411
699207
964367
115374
701298
201926
540519
388267
374655
141088
393994
847350
303840
607368
800478
964478
256020
756867
575445
254062
347005
514659
528419
306343
842097
297916
731955
272845
553713
965879
719816
970436
182430
549723
241153
658375
828298
816414
400814
209491
916873
624110
759294
719798
788199
419495
926616
101648
392466
989797
501873
148783
186232
378568
364489
241436
954763
354658
338690
527042
559912
902718
384828
333532
776485
315586
129215
392341
366188
761704
414866
581906
776871
733458
520992
729946
514728
637504
174403
176260
589437
797286
304742
591150
686671
740766
857637
462246
614563
776068
369079
549032
725014
206074
555414
328842
968206
234622
813877
922752
342686
891616
655112
582779
137508
498282
743372
172332
561481
357283
811843
654628
688743
202391
771073
502827
224634
967317
341284
897695
641807
905932
205024
776251
686818
427793
484356
143321
491589
301374
784455
413454
692379
119416
441168
287772
369437
482742
312360
837518
959826
769259
455206
576750
267705
386263
369100
238034
456830
158970
162900
623145
374300
774205
624477
787267
114318
957964
272228
129285
940728
104987
530804
227120
186752
371232
276633
658339
759534
283913
534938
399346
804329
821653
563864
332142
564595
622879
627310
327409
548971
834817
850559
663883
489332
543017
653266
416154
413813
896596
458459
223463
171206
606227
766976
618678
509838
839862
751799
247610
876668
334021
754597
546586
279257
904611
994948
134109
831059
547575
365714
133882
413411
851444
231807
377044
574135
544933
134050
674876
378552
197470
726749
666484
816755
394923
981563
452471
350831
176886
338226
551871
595293
982510
888876
928384
334873
381387
429074
679612
135521
209597
175467
271349
547886
980719
927058
320017
444663
934239
912195
568642
997638
738352
813204
616866
738087
478045
724855
158243
855023
231168
158690
874038
480195
243016
804963
952937
953225
101885
774714
668472
268627
392339
838380
766543
231436
221591
858441
424975
859860
463229
574950
679197
925271
873330
715052
468858
792143
347894
974330
948239
824993
626588
266062
886478
726714
267729
708586
360532
786161
183463
913419
853916
237659
593699
844639
636581
721677
270194
631920
601177
272528
856246
228748
675216
281527
732646
126795
196622
826262
802735
577815
584414
911852
984532
630068
158460
900857
611101
753779
421719
133931
801844
244608
246045
140105
906334
381765
572589
128326
874788
154512
414774
628777
619298
902832
270696
951223
314098
302816
819741
495767
925679
429880
772633
215965