348578
528563
681594
859475
659240
561278
946873
954639
844058
271701
620494
368936
899502
587918
422336
529163
456270
468663
493453
591603
492128
279684
149990
878867
975396
775070
895237
281808
348839
150369
600286
489907
426481
816552
470784
530723
480873
610400
652867
143591
513244
852926
283011
595186
632002
238073
354371
105108
474501
397372
604228
655875
284696
248949
180925
524955
715003
328675
437144
923713
602815
888112
223368
295359
723938
616725
234469
734241
910993
603467
969624
452437
921933
720593
813757
236027
541621
962414
323832
805059
870329
756077
331969
237858
630322
272957
332488
212737
295149
267107
262496
494608
528389
572346
208330
571650
326676
985495
126911
647801
236168
112594
630270
315719
446018
813658
294997
742670
220359
967866
175190
897926
722914
808430
255349
966615
463988
783912
688946
153807
394249
567070
527513
871506
545792
780529
207445
305480
307823
754098
653732
738796
552222
197030
395473
483975
837385
547195
543017
847844
530845
910274
646810
576223
982553
215921
765323
945440
516085
155991
666166
452058
548680
488689
894470
661976
752457
340159
678438
970891
300724
117061
739814
114749
976648
731106
394542
130590
233955
664984
827594
660040
239368
678652
411990
609940
263343
555368
490568
226940
611009
264680
771822
319997
796150
801380
694344
593948
917907
875187
637981
496410
837712
966361
440824
888167
954850
539596
784207
234440
535204
931356
362485
584918
248019
588199
396975
380566
337225
169973
816143
676772
573708
639008
804770
931861
424930
549155
932557
363415
543420
811916
572616
867441
206481
248461
552798
457109
369154
437734
710229
371491
169556
199971
784536
610156
428227
211077
726042
275414
927156
151555
720958
561308
898530
737285
428157
481846
195752
541737
158899
758570
751288
860341
584475
604420
610197
940843
958373
442074
203547
754415
178053
280036
197844
416987
589407
544651
538179
219898
379679
336343
919292
874321
653367
111613
135716
307866
131540
968919
639666
706277
937906
644633
503711
832374
713395
521165
600877
920425
154790
379418
883217
137582
505487
914433
362532
316218
754518
742452
829623
227465
557535
805309
320686
577642
143967
870829
496156
622619
855056
451306
647328
938750
819941
199860
201194
281630
819885
458545
356048
735565
111265
941288
931333
275033
638020
799107
175572
377271
718452
623222
363536
119800
678174
651002
312565
135605
766401
464447
573723
580909
405531
608070
162586
103354
449384
720331
783838
519678
990766
231304
236741
225542
599430
325211
430543
431510
398002
640770
537639
976754
240324
691514
319528
501780
864065
751405
427575
969107
541001
331179
158739
837685
191292
360060
535289
920533
665479
448808
725415
501089
103073
417354
949939
693885
125399
386814
325414
308091
174068
227964
805794
411326
216777
726449
133865
326598
634068
479580
509291
953643
872399
423736
100239
919467
121474
582996
738041
996670
679405
646950
265038
374325
610176
475479
368650
838797
310000
809994
757212
546984
256646
208176
863323
246033
381426
996802
654650
671952
461206
511823
964590
508150
260958
309523
521270
643708
150649
422319
350984
311345
671619
189574
156131
631503
891414
186197
568952
724609
617405
461541
785478
541157
500580
241508
713193
685210
825401
181913
369374
312661
121141
789267
875177
921245
477280
105190
614937
274826
374935
959705
273118
359837
747326
560887
955127
865821
315809
752313
691750
538040
671965
619420
753449
873448
133464
234707
112856
371626
589515
974128
414971
642173
137047
928497
970770
628563
749694
917646
451598
337210
444667
366710
980400
762509
933919
482177
437943
276595
419626
543591
959033
880275
509008
491903
370862
806097
894257
201709
947474
725301
581203
209813
665400
799742
366950
193154
276708
421163
126983
639159
813662
986140
732573
997944
176736
411793
748835
680551
830873
874862
297547
605316
989144
681889
126054
371586
271414
666749
845402
410583
790455
529360
744955
172781
907638
966002
770393
232462
727485
212692
236905
413638
981936
726546
856802
822052
213023
124473
864313
316595
881402
573093
258259
291353
699262
846316
848986
294177
697394
662353
662453
682244
300044
251793
357996
685876
774868
590753
512761
983706
971225
728372
149759
389146
911449
961143
369903
446139
459586
804562
232848
359340
326702
944022
740974
681113
338820
767299
908142
748344
496306
757412
823958
897191
315827
761816
334258
672618
950940
527772
744594
261673
584201
401457
581401
227743
663380
419953
391100
281314
343392
279014
269543
322286
416479
257549
523876
156256
966776
321073
471649
499597
355324
145776
644755
690362
131349
174863
243589
455663
688626
421186
660138
329687
964832
218050
431041
133304
541604
754374
595322
633188
533256
504568
699354
531603
483308
782823
615310
149300
113249
229369
845421
244966
182614
868262
789826
773586
698692
314545
313100
226237
104955
899305
396694
656431
931000
408936
537707
285115
233508
425083
470190
797334
901131
316774
943474
372127
926135
383035
432619
277949
669486
272670
842404
149831
354291
877838
619459
755549
765686
789671
629905
667877
805203
408443
100012
301566
812428
619888
869028
724127
671547
602391
271940
653947
974967
222372
170104
982915
335358
522322
689143
928390
237125
288803
242232
352922
827739
594151
951049
993066
961628
889536
282908
212224
364624
366810
122321
897341
389134
106271
949892
454408
116321
887244
782132
523259
582108
848931
673334
251160
655207
852152
116218
526931
988193
460611
281828
244985
168819
785513
299706
144226
776162
788768
430516
589098
573088
354384
553442
969770
185766
849878
281707
175834
539615
345310
863343
584951
689546
521086
472839
155494
972545
633853
233790
952004
832698
546549
182948
986475
622212
807097
499221
669979
665261
782179
622786
736402
635878
881244
425590
365585
461849
717715
426573
310994
845718
148385
786164
945099
414807
488857
359508
340237
730502
659550
732484
609490
610810
635152
675979
145058
210985
250906
331832
759637
816417
655997
906123
278510
799035
399252
689433
799054
982944
791645
877341
493266
578707
352277
200358
767888
282844
509852
638088
234807
634448
972288
589610
913572
377163
270782
364115
706356
407605
628241
105308
813285
563597
994974
278025
973510
545981
430013
367482
792309
796926
337920
944015
718285
723935
232668
183765
453360
527598
111543
788358
126612
664919
362673
892704
111062
742395
932764
567944
814783
757048
196951
921870
200166
141992
693632
696527
468041
859084
993629
517106
782008
738311
479533
535395
137827
467384
793641
424206
949231
368523
203527
929061
399016
297276
703721
629984
626235
450908
612011
774615
624062
794394
134983
526537
589530
979936
334309
889237
843796
820355
761175
137460
729838
481622
313304
911732
538766
843206
433155
516407
799517
156035
781313
546015
503688
387815
859630
722370
211795
373119
390883
807883
442542
600634
532443
103795
205848
950625
937874
451595
171693
982287
878773
977044
928557
146873
349314
973206
803163
876663
412151
324999
268072
116864
844532
107788
352201
331603
732442
828418
954869
445356
156829
951857
807917
441071
105217
898780
590223