155524
896245
450016
312243
406285
209090
481677
103596
632132
718621
605427
273910
309397
698667
470702
281567
167974
800378
112102
225831
216159
322363
447261
447809
602085
727702
715993
418710
735905
892579
536023
628584
429952
206298
211447
974295
239905
388143
741392
804993
675839
730510
671933
158767
172830
594598
671910
379869
132713
810797
869660
574281
363843
600426
574147
816649
214922
846968
445521
930354
141900
774352
224466
288951
332192
267258
220644
278087
179106
218874
601239
659264
244640
717586
789492
153811
337387
509680
946407
613330
144843
790382
421372
600989
842010
720673
622867
943369
199539
156828
306301
109402
480691
568362
976627
826523
750376
730806
686652
480442
810089
268547
871513
866379
916623
932678
732790
263907
374491
786644
318094
880764
930336
372008
371136
893264
586221
845961
848194
643170
634948
818970
306367
563331
283089
123090
715288
874763
157628
272758
332193
951842
983725
878123
838265
402209
261500
794562
142355
666120
507938
728786
910216
773185
273409
486197
751537
316133
702787
883487
754419
480113
318332
950670
280199
550397
142700
845680
656276
353225
877490
658161
290191
188265
646747
833666
445934
203250
334363
602700
224436
290048
690322
104198
278553
324321
602185
888327
506445
466393
143816
108756
539250
509576
309096
831163
376714
881696
417323
736568
702705
378971
251175
497297
593458
823609
861226
994183
311404
477789
111413
544527
531982
890176
368878
470580
577673
960966
860571
850851
336426
253630
307023
729283
929211
381882
865760
380056
342993
216363
407926
767546
237805
430853
505000
273407
707530
372728
610177
134133
664839
624682
603583
827068
450157
490157
925827
406072
588746
474551
823279
423055
688701
620033
693008
268428
274029
169836
837807
829758
765671
741907
770457
855407
357522
483629
666295
810295
758946
881871
323825
583681
108596
227577
558399
310725
307432
390228
589696
772933
849500
337868
773003
445595
594060
792547
715944
749250
271261
806428
327412
914703
186815
399481
346944
709752
591434
868424
425484
728361
837271
212932
650889
411153
165532
364328
634714
368971
226830
583372
682168
351338
602962
760767
116213
743457
246065
246189
880101
932111
377833
593496
631119
918368
166997
410053
781847
991989
984389
898352
830685
585762
746591
750502
654862
744410
842439
214948
678872
223893
368548
523768
673704
403330
300765
640372
466011
668943
305124
660353
706404
465593
872242
619700
758014
665071
408526
549527
199685
451345
435398
366296
878007
588021
492484
133812
972521
789724
756733
646731
368900
686039
252484
201388
715626
153040
627724
495425
891530
772211
197445
455402
861411
888280
594590
373808
504028
567025
896359
575264
310776
538076
742519
788354
104657
241801
984689
939676
539353
860683
418999
578951
811009
106455
306287
791238
179063
874053
176034
897457
163064
121851
622278
910977
166022
369477
505552
420401
173179
207818
526185
798122
534052
277248
941584
924941
644109
733867
364144
855733
815635
764263
356444
413288
443322
101106
519797
980641
667631
830377
974279
398134
101077
435836
386827
422536
740267
289165
930406
729834
493932
312924
587105
422676
417152
847859
381004
293575
819052
807893
964942
336876
179600
372173
463213
220964
908235
881166
101957
987086
484201
114901
321446
462556
702170
851736
347924
611130
298101
292661
858274
303344
686751
533677
992640
188497
556249
560175
405018
866706
545687
392365
538166
271247
782405
499946
479155
133401
349847
764641
808266
399297
924829
574801
248923
915711
455053
464636
359123
328802
989289
668099
331919
138799
882357
903302
481116
286663
993038
334562
974556
386565
104405
387212
421877
585053
545253
188273
115745
826428
961270
362081
838040
398235
168234
178637
994822
183893
491920
327436
135982
743894
578054
932070
788351
918586
710035
663795
813214
404306
554293
317816
914881
922582
303623
984147
344049
559798
226052
263830
458198
642102
563015
591647
710021
364227
380228
360706
730734
972508
832824
227766
593096
977095
192112
906859
532311
544549
607119
525476
513812
345131
122115
524473
371122
206983
841313
501980
324732
949272
402834
557000
121360
251918
423642
368936
931457
480231
865926
104304
655618
335330
598440
771749
555947
500185
450861
857638
291607
337007
833263
822161
171917
549194
769162
139116
915734
749874
590768
531052
919458
139472
664263
896286
851192
366727
725169
364294
762357
769562
878461
962100
738763
189112
545732
769156
685981
991960
197211
377325
656450
712119
900406
138285
776325
139123
289058
677891
988840
766126
909616
211582
630573
855464
109457
412953
265245
657382
895247
436885
386263
215370
929752
916533
370155
256055
440312
391051
758051
480191
742922
891281
981625
365533
315679
928751
593649
899828
681665
837597
627578
698152
983768
466083
837409
296735
834331
739583
727755
114865
581639
287434
960957
637595
353743
710199
797752
477336
430601
213645
354873
670770
812886
201008
602679
646795
905215
538488
836997
383959
744933
807253
615713
194699
229074
477967
914246
561300
837909
752426
638558
980578
109716
484072
520943
571703
604324
327823
687821
355193
767892
980738
539412
555662
271238
743465
450035
191457
200685
415231
763117
297325
270924
479739
631197
131017
415620
692438
930237
914390
430358
460618
942087
942181
588771
966702
368176
941408
788917
436324
872949
891532
442644
133022
217414
780361
746924
631573
452060
373126
418444
408497
397266
533456
404124
199069
632069
839834
816430
151149
980732
661946
773668
455301
731985
991871
308843
567490
829300
333363
496211
822367
408271
940325
639709
192255
998482
267343
855672
578311
890633
458048
910353
589788
829292
113449
533110
140081
199421
116029
973805
996417
184863
143359
343099
622141
692091
452014
739735
143011
116329
752473
180707
949460
164170
869076
630969
609097
798926
570572
221380
896920
283245
580578
935140
278932
278769
650037
373764
422557
703258
396101
139963
160495
857252
348947
743899
615847
840908
314406
553948
287175
812243
455796
479716
263647
260898
999442
119057
739265
333440
820203
626035
513700
646551
340578
875421
255947
225735
384082
472560
235850
455557
165691
100509
450968
409796
170624
319731
611917
611734
893433
130497
332063
221619
861175
352067
387181
725706
697781
825708
976915
763895
158889
489802
461796
200239
951801
830771
752419
626964
377912
330399
580344
792060
384266
207478
802040
986697
434924
830277
209594
341801
129739
839579
498731
692146
906332
518794
950393
731450
700481
639432
137647
585132
861684
875879
804818
640454
260531
284472
110795
314718
892978
848367
897146
868140
388085
122604
808593
932325
349395
165088
221652
680648
625624
124717
375375
507559
570904
619842
114736
602101
921742
485626
260221
465926
321073
403632
163096
856919
344364
181591
837749
973707
147122
777840
699525
455699
548526
501766
883530
219519
437116
128522
241030
473280
324488
104442
242187
328254
120437
717442
385156
505607
137272
914522
646526
505079
793713
420506
283782
622959
106678
134780
295919
110093
888840
428922
775956
859365
664017
836301
640808
274270
255929
728276
880261
311139
283594